/*
雇员数量     transaction cost        execution cost
   1         22966                     1694
   2         23747                     2475
   3         24528                     3256
   4         25309                     4037
   5         26090                     4818
   6         26871                     5599
   7         27652                     6380
   8         28433                     7161
   9         29214                     7942
   10        29995                     8723
创建雇员数组后，每增加一人，transaction cost和execution cost都分别增加781个gas的消耗，原因是随着数组数据不断增加，计算calculateRunway函数时，
需要运行更多次循环和计算来算出工资总和。

*/
